ObsID = 14704

bstart= [  1670.60466915  15476.1667825   16064.94850415  39575.13957638]

bstop= [ 15476.1667825   16064.94850415  39575.13957638  41509.21906906]


rates= [ 0.00934436  0.03745361  0.00970805  0.00342054]

errors= [ 0.00094652  0.01040315  0.00072288  0.00205123]

durations= [13805.562113344669, 588.78172165155411, 23510.191072225571, 1934.079492688179]