ObsID = 14702

bstart= [ 1437.64668828  4518.60212904]

bstop= [  4518.60212904  16373.43400842]


rates= [ 0.02361982  0.01246314]

errors= [ 0.00328175  0.00117267]

durations= [3080.9554407596588, 11854.831879377365]