ObsID = 14703

bstart= [ 1079.6627565]

bstop= [ 19567.85854942]


rates= [ 0.01156978]

errors= [ 0.0008919]

durations= [18488.195792913437]