ObsID = 14943

bstart= [ 1406.56478339  2464.39363331]

bstop= [  2464.39363331  21399.18770725]


rates= [ 0.02501577  0.00791947]

errors= [ 0.00622782  0.00073919]

durations= [1057.8288499116898, 18934.794073939323]