ObsID = 14944

bstart= [  1157.03658181  14080.76740307  16518.30285859]

bstop= [ 14080.76740307  16518.30285859  20811.37794465]


rates= [ 0.00981133  0.02306945  0.0087323 ]

errors= [ 0.00100321  0.00370638  0.00177084]

durations= [12923.730821251869, 2437.5354555249214, 4293.0750860571861]