ObsID = 14945

bstart= [  1750.79829335  20966.32581609]

bstop= [ 20966.32581609  21729.74335355]


rates= [ 0.00820544  0.0288859 ]

errors= [ 0.00074535  0.00802337]

durations= [19215.527522742748, 763.41753745079041]