ObsID = 14946

bstart= [ 1362.79181677]

bstop= [ 20878.59165788]


rates= [ 0.00892665]

errors= [ 0.00076835]

durations= [19515.799841105938]