ObsID = 15045
Sig = [ 98.99]

bstart= [  1192.61623973   6080.9006424    8357.3075946   19509.9900763
  20489.01622415]

bstop= [  6080.9006424    8357.3075946   19509.9900763   20489.01622415
  51194.83631647]


rates= [ 0.01105243  0.03535826  0.01136937  0.03378664  0.0080435 ]

errors= [ 0.00181652  0.00464394  0.00116252  0.00737142  0.00057424]

durations= [4888.2844026684761, 2276.4069522023201, 11152.682481706142, 979.02614784240723, 30705.820092320442]