ObsID = 15044
Sig = [ 95.02]

bstart= [ 1402.44430298]

bstop= [ 48103.62379408]


rates= [ 0.00937304]

errors= [ 0.00049447]

durations= [46701.179491102695]