ObsID = 15040

bstart= [ 1346.14491057]

bstop= [ 25420.03342688]


rates= [ 0.00443084]

errors= [ 0.00047865]

durations= [24073.888516306877]