ObsID = 15041

bstart= [   855.06987751   7406.9703939    8430.49090296  34508.01343888
  35339.83779913]

bstop= [  7406.9703939    8430.49090296  34508.01343888  35339.83779913
  50870.64900225]


rates= [ 0.01110695  0.0398587   0.00947108  0.03844009  0.0113591 ]

errors= [ 0.0015432   0.00769607  0.00067615  0.00855538  0.00097111]

durations= [6551.9005163908005, 1023.5205090641975, 26077.522535920143, 831.8243602514267, 15530.811203122139]