ObsID = 15042

bstart= [  1051.38964063  31107.73277712  32097.05887806  34240.02821791
  35814.73412251  38697.13058281  41856.81221318]

bstop= [ 31107.73277712  32097.05887806  34240.02821791  35814.73412251
  38697.13058281  41856.81221318  50243.83279228]


rates= [ 0.0083524   0.02625011  0.00403955  0.02886086  0.00863443  0.03150677
  0.01186969]

errors= [ 0.00058525  0.00653512  0.00199859  0.00518008  0.00220493  0.00364063
  0.00137155]

durations= [30056.343136489391, 989.32610094547272, 2142.9693398475647, 1574.7059046030045, 2882.3964602947235, 3159.6816303730011, 8387.0205790996552]