ObsID = 15654
Sig = [ 98.99]

bstart= [ 1926.95622283]

bstop= [ 10161.62038952]


rates= [ 0.00311382]

errors= [ 0.00075659]

durations= [8234.6641666889191]