ObsID = 15651
Sig = [ 95.02]

bstart= [ 1431.99109972]

bstop= [ 14727.60030097]


rates= [ 0.0038571]

errors= [ 0.00062669]

durations= [13295.60920125246]