ObsID = 16210
Sig = [ 98.99]

bstart= [ 1395.029625]

bstop= [ 19804.28366131]


rates= [ 0.00778619]

errors= [ 0.00074476]

durations= [18409.254036307335]