ObsID = 16212
Sig = [ 98.99]

bstart= [ 957.42872798]

bstop= [ 51015.80209953]


rates= [ 0.00920699]

errors= [ 0.00047276]

durations= [50058.3733715415]