ObsID = 16216
Sig = [ 95.02]

bstart= [ 1590.16932017]

bstop= [ 48243.14740735]


rates= [ 0.00595579]

errors= [ 0.00039937]

durations= [46652.978087186813]