ObsID = 16214
Sig = [ 95.02]

bstart= [  1193.17343712  35398.96735185  38010.95902091]

bstop= [ 35398.96735185  38010.95902091  51204.42676985]


rates= [ 0.00815528  0.00126639  0.00819002]

errors= [ 0.00054571  0.00123958  0.00091405]

durations= [34205.793914735317, 2611.9916690587997, 13193.467748939991]