ObsID = 16215
Sig = [ 95.02]

bstart= [  1126.94580621  12906.31238896  17808.39112961]

bstop= [ 12906.31238896  17808.39112961  46580.71781611]


rates= [ 0.00823718  0.00247417  0.00751102]

errors= [ 0.00097542  0.00099593  0.00057585]

durations= [11779.366582751274, 4902.0787406563759, 28772.326686501503]