ObsID = 16213
Sig = [ 95.02]

bstart= [ 1589.33618581]

bstop= [ 50695.27164549]


rates= [ 0.0089814]

errors= [ 0.00047194]

durations= [49105.935459673405]