ObsID = 16211
Sig = [ 95.02]

bstart= [  1694.01035267   3549.41786176   3850.66483742   4918.72229654
  30576.06414306  32284.27142549]

bstop= [  3549.41786176   3850.66483742   4918.72229654  30576.06414306
  32284.27142549  47267.88520294]


rates= [ 0.0047541   0.04026132  0.          0.01087244  0.00064547  0.00912479]

errors= [ 0.00235212  0.01620638  0.00192638  0.00072753  0.00149935  0.00089549]

durations= [1855.4075090885162, 301.2469756603241, 1068.0574591159821, 25657.341846525669, 1708.2072824239731, 14983.613777458668]