ObsID = 16217
Sig = [ 98.99]

bstart= [  1139.40476096  24735.74115264  29757.62211692]

bstop= [ 24735.74115264  29757.62211692  38760.72159612]


rates= [ 0.00612131  0.02085812  0.00747061]

errors= [ 0.00058308  0.00236799  0.00108484]

durations= [23596.336391687393, 5021.8809642791748, 9003.0994791984558]