ObsID = 16218
Sig = [ 98.99]

bstart= [   729.10688698  17790.00523514  18947.02442485  19303.03032941
  20631.206204    21113.86805534  23246.48034889  24263.151057  ]

bstop= [ 17790.00523514  18947.02442485  19303.03032941  20631.206204
  21113.86805534  23246.48034889  24263.151057    40677.07713634]


rates= [ 0.00678587  0.06670762  0.1796341   0.44164573  0.14620256  0.01706161
  0.04988793  0.00725486]

errors= [ 0.00072922  0.00896865  0.02683627  0.01999142  0.02066651  0.00352062
  0.00849982  0.00076769]

durations= [17060.898348152637, 1157.0191897153854, 356.00590455532074, 1328.1758745908737, 482.66185134649277, 2132.6122935414314, 1016.6707081198692, 16413.926079332829]