ObsID = 16508
Sig = [ 95.02]

bstart= [   899.07206362  10459.89594954  47121.701828  ]

bstop= [ 10459.89594954  47121.701828    48658.6907019 ]


rates= [ 0.0111865   0.0073082   0.03299933]

errors= [ 0.00125552  0.00049962  0.00562237]

durations= [9560.8238859176636, 36661.805878460407, 1536.988873898983]