ObsID = 16597
Sig = [ 95.02]

bstart= [ 1927.01628917]

bstop= [ 19417.58106738]


rates= [ 0.00416062]

errors= [ 0.00057808]

durations= [17490.564778208733]