ObsID = 14945
starting date = 2013-08-31
starting time = 10:12:46
ending date = 2013-08-31
ending time = 16:28:32
tstart = 494331166
tstop = 494353712
dt_cor= 0
exposure = 18201
bg_rate = 0
duration= [  1500.  21300.]

For p0 = 0.050000 and version = b 
bstart= [    0.  1500.]
bstop= [  1500.  22800.]
rates= [ 0.          0.00765258]
berr= [ 0.00031834  0.00055974]

The flares are: