ObsID = 16210
starting date = 2014-06-03
starting time = 02:59:23
ending date = 2014-06-03
ending time = 08:40:34
tstart = 518151563
tstop = 518172034
dt_cor= 0
exposure = 17022
bg_rate = 0
duration= [  1500.  19200.]

For p0 = 0.050000 and version = b 
bstart= [    0.  1500.]
bstop= [  1500.  20700.]
rates= [ 0.          0.00677083]
berr= [ 0.00033138  0.00025837]

The flares are: