ObsID = 16211
starting date = 2014-03-14
starting time = 10:18:27
ending date = 2014-03-14
ending time = 23:45:34
tstart = 511179507
tstop = 511227934
dt_cor= 0
exposure = 41783
bg_rate = 0
duration= [  1500.  47100.]

For p0 = 0.050000 and version = b 
bstart= [    0.  1500.]
bstop= [  1500.  48600.]
rates= [ 0.          0.00842887]
berr= [ 0.00045381  0.00077148]

The flares are: